[banner4.jpg]
filters=Soften=1,100.000000,49.707603;dir_tint=1,0.522599,1.015075,0.000000,0.198830,ffffffff,0;ansel=1,ffffffff;dir_tint=1,0.523540,1.015075,0.250000,0.250000,ffdddddd,0;
moddate=315a1d519c1dd301
width=1920
height=1080
textactive=0
